# Utgarde Pinnacle route skeleton: navmesh paths (raidtest path ... points, my-mac 2026-10-06) entrance -> Svala prep ->
# Svala -> Gortok prep -> Skadi -> Ymiron prep -> Ymiron, through the isolated scenarios' prep/engage points. The
# travel-node graph links none of these.
584.10 -328.00 110.14
580.11 -327.66 110.14
576.13 -327.32 110.14
572.14 -326.98 110.14
568.16 -326.64 110.14
564.17 -326.29 110.14
560.19 -325.95 110.14
556.20 -325.61 110.14
552.22 -325.27 110.15
548.23 -324.93 110.23
544.25 -324.59 109.56
540.26 -324.25 109.55
536.28 -323.91 109.59
532.29 -323.56 109.59
528.30 -323.22 109.59
524.32 -322.88 109.61
520.33 -322.54 109.63
516.35 -322.20 109.63
512.36 -321.86 109.64
508.38 -321.52 109.63
504.39 -321.18 107.25
500.41 -320.83 104.87
496.42 -320.49 104.04
492.44 -320.15 104.14
488.45 -319.81 104.39
487.46 -315.93 104.75
486.47 -312.06 104.92
485.49 -308.18 104.92
484.50 -304.31 104.75
483.51 -300.43 104.74
482.82 -296.49 104.71
482.27 -292.53 104.71
481.73 -288.57 104.72
481.18 -284.60 104.72
480.63 -280.64 104.72
480.09 -276.68 104.72
479.54 -272.72 104.72
478.99 -268.75 104.73
478.44 -264.79 104.72
476.53 -261.28 104.62
472.85 -259.70 104.60
469.18 -258.12 104.64
465.51 -256.53 104.79
461.83 -254.95 105.53
457.83 -254.97 107.88
453.83 -254.99 109.63
449.83 -255.00 110.19
445.83 -255.02 110.26
441.83 -255.04 109.77
437.83 -255.06 110.07
433.83 -255.08 110.40
429.83 -255.09 110.50
425.83 -255.11 110.39
421.83 -255.13 110.53
417.83 -255.15 111.61
413.83 -255.17 112.04
409.83 -255.18 111.60
405.83 -255.20 110.30
401.95 -256.18 111.90
397.97 -256.50 112.33
393.98 -256.83 112.82
390.71 -254.52 111.42
387.45 -252.21 109.59
384.18 -249.90 107.05
380.92 -247.58 105.23
377.65 -245.27 105.07
374.39 -242.96 104.99
371.12 -240.65 104.85
367.86 -238.34 104.78
364.59 -236.03 104.73
361.33 -233.72 104.94
357.94 -235.84 104.94
354.55 -237.96 104.90
351.16 -240.09 105.18
347.77 -242.21 104.77
344.37 -244.33 104.80
340.98 -246.45 104.99
337.59 -248.57 106.37
334.15 -250.62 105.67
330.72 -252.66 105.59
327.28 -254.71 104.65
323.84 -256.75 104.58
320.40 -258.79 104.64
317.10 -261.06 104.72
316.51 -265.01 104.73
315.92 -268.97 104.72
315.33 -272.92 104.71
314.74 -276.88 104.71
314.15 -280.84 104.71
313.56 -284.79 104.71
312.97 -288.75 104.70
312.60 -291.20 104.72
312.60 -291.20 104.72
308.61 -291.43 104.64
304.61 -291.65 104.47
300.62 -291.88 104.57
296.63 -292.10 104.65
292.63 -292.32 104.66
288.64 -292.55 104.70
284.64 -292.77 104.74
280.65 -293.00 104.75
276.66 -293.22 104.75
276.88 -297.22 104.78
277.09 -301.21 101.96
277.31 -305.21 98.84
277.53 -309.20 95.52
279.24 -312.82 92.49
280.95 -316.43 89.13
283.52 -319.49 86.40
286.10 -322.55 86.40
288.68 -325.61 86.40
291.26 -328.67 86.40
293.84 -331.73 86.39
296.60 -335.00 85.77
296.60 -335.00 85.77
292.80 -336.25 85.81
289.00 -337.50 85.80
285.20 -338.75 85.83
281.40 -340.00 86.40
277.60 -341.25 86.42
273.73 -342.27 86.43
269.87 -343.29 86.43
266.00 -344.31 86.46
262.13 -345.33 86.46
258.26 -346.35 86.45
254.40 -347.37 85.03
250.53 -348.39 82.70
246.66 -349.42 80.74
242.79 -350.44 80.74
242.16 -354.39 80.74
241.52 -358.33 78.73
240.88 -362.28 76.09
240.24 -366.23 75.08
239.60 -370.18 75.08
239.71 -374.18 75.09
239.82 -378.18 75.10
241.49 -381.81 75.10
243.16 -385.45 75.10
244.83 -389.08 75.08
246.51 -392.72 75.07
248.18 -396.35 75.04
252.14 -396.85 77.28
256.11 -397.35 80.11
260.11 -397.51 82.78
264.11 -397.67 85.34
267.82 -396.18 87.96
271.35 -394.29 90.14
274.87 -392.40 90.08
275.23 -388.42 90.09
271.42 -387.21 90.90
267.61 -386.00 93.75
263.79 -384.78 96.24
259.82 -385.26 98.98
255.85 -385.73 101.55
252.23 -387.43 103.96
248.61 -389.12 104.75
245.42 -391.54 104.74
243.77 -395.19 104.74
242.13 -398.83 104.75
240.49 -402.48 104.75
238.84 -406.13 104.75
238.89 -410.13 104.74
238.94 -414.13 104.73
238.98 -418.13 104.74
239.03 -422.13 104.74
239.08 -426.13 104.73
239.13 -430.13 104.74
239.17 -434.12 104.74
239.22 -438.12 104.74
239.79 -442.08 104.74
240.37 -446.04 104.74
240.94 -450.00 104.73
241.51 -453.96 104.73
242.08 -457.92 105.48
242.50 -460.80 105.47
242.50 -460.80 105.47
246.48 -461.21 105.46
250.46 -461.62 104.71
254.44 -462.02 104.71
258.42 -462.43 104.71
262.40 -462.84 104.70
266.37 -463.25 104.70
270.35 -463.66 105.45
274.33 -464.07 105.46
278.31 -464.47 104.71
282.29 -464.88 104.72
286.27 -465.29 104.73
290.25 -465.70 104.74
294.23 -466.11 104.74
298.21 -466.52 104.74
302.19 -466.92 104.73
306.17 -467.33 104.72
310.14 -467.74 104.72
310.57 -471.72 104.71
311.00 -475.70 104.72
311.42 -479.67 104.74
311.85 -483.65 104.73
312.27 -487.63 104.73
312.70 -491.61 104.73
313.13 -495.58 104.72
316.35 -497.95 104.66
319.57 -500.32 104.62
322.79 -502.69 104.65
326.01 -505.07 104.42
329.23 -507.44 104.29
330.00 -508.00 104.28
330.00 -508.00 104.28
334.00 -508.07 104.33
338.00 -508.13 104.39
342.00 -508.20 104.44
346.00 -508.26 104.49
350.00 -508.33 104.52
354.00 -508.39 104.55
358.00 -508.46 104.65
362.00 -508.52 104.67
366.00 -508.59 104.70
369.99 -508.65 104.80
373.99 -508.72 104.80
377.99 -508.78 104.79
381.99 -508.85 104.78
385.99 -508.91 104.77
389.99 -508.98 104.75
393.99 -509.04 104.74
397.99 -509.11 104.86
401.99 -509.18 105.00
405.99 -509.24 105.02
409.99 -509.31 105.11
413.99 -509.37 105.21
417.99 -509.44 104.99
421.99 -509.50 104.68
425.99 -509.57 104.75
429.99 -509.63 104.83
433.99 -509.51 104.87
437.98 -509.40 104.87
441.98 -509.28 104.85
445.98 -509.16 104.71
449.98 -509.04 104.64
453.76 -507.74 104.58
457.55 -506.45 104.47
461.33 -505.15 104.55
464.89 -503.33 104.58
468.46 -501.51 104.73
472.02 -499.70 104.73
475.48 -497.69 104.73
475.39 -493.69 104.73
475.30 -489.69 104.73
475.20 -485.69 104.73
475.11 -481.69 104.72
475.02 -477.69 104.71
474.93 -473.69 104.71
474.18 -469.77 104.70
473.43 -465.84 104.71
472.68 -461.91 104.72
471.93 -457.98 104.73
471.19 -454.05 104.72
470.44 -450.12 104.73
469.69 -446.19 104.73
468.94 -442.26 102.96
468.19 -438.33 100.01
467.44 -434.40 97.75
466.69 -430.47 95.66
468.97 -427.19 92.80
471.25 -423.90 90.90
474.93 -422.32 90.94
478.61 -420.75 91.58
481.73 -423.25 91.02
484.29 -426.32 88.13
486.85 -429.40 84.87
489.32 -432.54 82.62
491.42 -435.95 81.04
488.67 -438.86 79.26
485.93 -441.77 77.94
483.19 -444.68 76.15
480.44 -447.60 75.02
476.71 -449.02 75.05
472.97 -450.45 75.06
469.23 -451.88 75.07
465.50 -453.30 75.05
461.76 -454.73 75.05
458.02 -456.16 75.05
454.03 -455.89 75.05
450.04 -455.62 75.08
446.05 -455.36 75.11
442.06 -455.09 75.13
438.07 -454.82 75.14
434.08 -454.56 75.12
431.21 -451.77 75.12
428.33 -448.98 75.11
425.46 -446.20 75.13
422.59 -443.41 75.16
419.72 -440.63 76.35
416.85 -437.84 75.47
413.98 -435.06 75.12
411.11 -432.27 75.12
408.24 -429.49 75.12
405.37 -426.70 75.12
401.72 -425.06 75.14
398.07 -423.41 75.16
394.43 -421.77 75.12
394.31 -417.77 75.10
394.20 -413.77 77.27
394.08 -409.78 79.43
393.97 -405.78 81.60
393.85 -401.78 83.77
393.74 -397.78 85.94
393.62 -393.78 88.10
393.50 -389.78 90.27
393.39 -385.79 92.44
393.27 -381.79 94.61
393.16 -377.79 96.77
393.04 -373.79 98.94
392.93 -369.79 101.11
392.81 -365.79 103.28
392.70 -361.80 104.71
392.58 -357.80 104.32
392.50 -355.00 103.89
392.50 -355.00 103.89
392.50 -351.00 103.89
392.50 -347.00 103.89
392.51 -343.00 103.89
392.51 -339.00 103.89
392.51 -335.00 103.89
392.51 -331.00 103.89
392.51 -327.00 103.89
392.52 -323.00 103.89
392.52 -319.00 103.89
392.52 -315.00 103.89
392.52 -311.00 103.89
392.52 -307.00 103.89
392.53 -303.00 103.89
392.53 -299.00 103.98
392.53 -295.00 105.84
392.53 -291.00 108.76
392.53 -287.20 109.32
